119
45 45
85 45
125 45
225 45
325 45
425 45
525 45
625 45
725 45
825 45
925 45
1025 45
1145 45
1205 45
1265 45


45 150
125 150
225 150
325 150
425 150
525 150
625 150
725 150
825 150
925 150
1050 150
1145 150
1265 150


45 275
125 275
225 275
325 275
425 275
525 275
625 275
725 275
825 275
925 275
1050 275
1145 275
1265 275

45 325
125 325
225 325
315 325
425 325

845 325
960 325
1050 325
1145 325
1265 325

45 425
125 425
315 425
225 425
425 425

845 425
960 425
1050 425
1145 425
1265 425

45 525
125 525
315 525
225 525
425 525


845 525
960 525
1050 525
1145 525
1265 525






45 580
125 580
225 580
315 580
425 580
530 580
650 580
750 580
845 580
960 580
1050 580
1145 580
1265 580


45 650
125 650
225 650
425 650


845 650
1050 650
1145 650
1265 650

45 720
125 720
225 720
315 720
425 720
530 720
650 720
750 720
845 720
960 720
1050 720
1145 720
1265 720

45 810
125 810
225 810
315 810
425 810
530 810
650 810
750 810
845 810
960 810
1050 810
1145 810
1265 810