1000

30 0
60 0
90 0
120 0
150 0
180 0
210 0
240 0
270 0
300 0
330 0
360 0
390 0
420 0
450 0
480 0
510 0
540 0
570 0
600 0
630 0
660 0
690 0
720 0
750 0
780 0
810 0
840 0
870 0
900 0
930 0
960 0
990 0
1020 0
1050 0
1080 0
1110 0
1140 0
1170 0
1200 0
1230 0
1260 0
1280 0




30 840
60 840
90 840
120 840
150 840
180 840
210 840
240 840
270 840
300 840
330 840
360 840
390 840
420 840
450 840
480 840
510 840
530 840
550 840

710 840
730 840
750 840
780 840
810 840
840 840
870 840
900 840
930 840
960 840
990 840
1020 840
1050 840
1080 840
1110 840
1140 840
1170 840
1200 840
1230 840
1260 840
1280 840

0 380
10 380
40 380
70 380






1200 380
1210 380
1240 380
1270 380
1290 380

0 460
10 460
40 460
70 460


10 480
40 480
70 480



1200 480
1210 480
1240 480
1270 480


10 360
40 360
70 360




1200 360
1210 360
1240 360
1270 360



1200 460
1210 460
1240 460
1270 460
1290 460


480 300
510 300
540 300
570 300
580 300

680 300
690 300
720 300
750 300
780 300



480 540
510 540
540 540
570 540
600 540
630 540
660 540
690 540
720 540
750 540
770 540


500 320
510 320
540 320
570 320
580 320

680 320
690 320
720 320
750 320
780 320

490 520
510 520
540 520
570 520
600 520
630 520
660 520
690 520
720 520
750 520
770 520

1200 290
1200 790

1200 80
1200 570








350 70
370 70
390 70
410 70
430 70
450 70
470 70
490 70
510 70
530 70
550 70
570 70
590 70
610 70
630 70
650 70
670 70
690 70
710 70
730 70
750 70
770 70
790 70
810 70
830 70
850 70
870 70
890 70
910 70

350 100
370 100
390 100
410 100
430 100
450 100
470 100
490 100
510 100
530 100
550 100
570 100
590 100
610 100
630 100
650 100
670 100
690 100
710 100
730 100
750 100
770 100
790 100
810 100
830 100
850 100
870 100
890 100
910 100


350 770
370 770
390 770
410 770
430 770
450 770
470 770
490 770
510 770
530 770
550 770
570 770
590 770
610 770
630 770
650 770
670 770
690 770
710 770
730 770
750 770
770 770
790 770
810 770
830 770
850 770
870 770
890 770
910 770


350 740
370 740
390 740
410 740
430 740
450 740
470 740
490 740
510 740
530 740
550 740
570 740
590 740
610 740
630 740
650 740
670 740
690 740
710 740
730 740
750 740
770 740
790 740
810 740
830 740
850 740
870 740
890 740
910 740



280 610
300 610
320 610
350 610

450 610
470 610
490 610
510 610
530 610
550 610
570 610
590 610
610 610
630 610
650 610
670 610
690 610
710 610
730 610
750 610
770 610
790 610

930 610
950 610
970 610
990 610



280 670
290 670
310 670
330 670
350 670

450 670
470 670
490 670
510 670
530 670
550 670
570 670
590 670
610 670
630 670
650 670
670 670
690 670
710 670
730 670
750 670
770 670
790 670

930 670
950 670
980 670
1000 670



280 230
300 230
320 230

430 230
450 230
470 230
490 230
510 230
530 230
550 230
570 230
590 230
610 230
630 230
650 230
670 230
690 230
710 230
730 230
750 230
770 230
790 230
810 230
830 230


930 230
950 230
970 230
990 230



280 170
300 170
320 170

430 170
450 170
470 170
490 170
510 170
530 170
550 170
570 170
590 170
610 170
630 170
650 170
670 170
690 170
710 170
730 170
750 170
770 170
790 170
810 170
830 170


930 170
950 170
970 170
990 170


350 540
350 310


900 540
900 310


