598   


0 30
0 60
0 90
0 120
0 150
0 180
0 210
0 240
0 270
0 300
0 330
0 360


0 480
0 510
0 540
0 570
0 600
0 630
0 660
0 690
0 720
0 750
0 780
0 810







1300 30
1300 60
1300 90
1300 120
1300 150
1300 180
1300 210
1300 240
1300 270
1300 300
1300 330
1300 360

1300 480
1300 510
1300 540
1300 570
1300 600
1300 630
1300 660
1300 690
1300 720
1300 750
1300 780
1300 810






450 330
450 360
450 390
450 420
450 450
450 480
450 510










800 330
800 360
800 390
800 420
800 440
800 460
800 480
800 510


780 330
780 360
780 390
780 420
780 440
780 460
780 480
780 510

470 350
470 360
470 390
470 420
470 450
470 480
470 490










250 100
250 120
250 140
250 160
250 180
250 200
250 220
250 240
250 260

250 360
250 380
250 400
250 420
250 440
250 460
250 480

250 580
250 600
250 620
250 640
250 660
250 680
250 700
250 720
250 740


270 100
270 120
270 140

270 240
270 260

270 360
270 380
270 400
270 420
270 440
270 460
270 480
270 580
270 600

270 700
270 720
270 740





990 100
990 120
990 140
990 160

990 240
990 260
990 360
990 380
990 400
990 420
990 440
990 460
990 480
990 580


990 680
990 700
990 720
990 740


1010 100
1010 120
1010 140
1010 160
1010 180
1010 200
1010 220
1010 240
1010 260


1010 360
1010 380
1010 400
1010 420
1010 440
1010 460
1010 480


1010 580
1010 600
1010 620
1010 640
1010 660
1010 680
1010 700
1010 720
1010 740









180 0
180 20
180 40
180 60
180 80
180 100
180 120
180 130

180 230
180 240
180 260
180 280
180 300
180 320
180 340
180 360
180 380
180 400
180 420
180 440
180 460
180 480
180 500
180 520
180 540
180 560
180 580
180 600
180 610


180 710
180 720
180 740
180 760
180 780
180 800
180 820
180 840


160 0
160 20
160 40
160 60
160 80
160 100
160 120
160 130

160 230
160 240
160 260
160 280
160 300
160 320
160 340
160 360
160 380
160 400
160 420
160 440
160 460
160 480
160 500
160 520
160 540
160 560
160 580
160 600
160 610

160 710
160 720
160 740
160 760
160 780
160 800
160 820
160 840






1100 0
1100 20
1100 40
1100 60
1100 80
1100 100
1100 120
1100 130

1100 230
1100 240
1100 260
1100 280
1100 300
1100 320
1100 340
1100 360
1100 380
1100 400
1100 420
1100 440
1100 460
1100 480
1100 500
1100 520
1100 540
1100 560
1100 580
1100 600
1100 610


1100 710
1100 720
1100 740
1100 760
1100 780
1100 800
1100 820
1100 840


1080 0
1080 20
1080 40
1080 60
1080 80
1080 100
1080 120
1080 130

1080 230
1080 240
1080 260
1080 280
1080 300
1080 320
1080 340
1080 360
1080 380
1080 400
1080 420
1080 440
1080 460
1080 480
1080 500
1080 520
1080 540
1080 560
1080 580
1080 600
1080 610


1080 710
1080 720
1080 740
1080 760
1080 780
1080 800
1080 820
1080 840



90 80
90 100
90 120
90 130
90 150
90 170
90 190
90 210
90 230
90 250
90 270



70 80
70 100
70 120
70 130
70 150
70 170
70 190
70 210
70 230
70 250
70 270






90 570
90 590
90 610
90 630
90 650
90 670
90 690
90 710
90 730
90 750
90 770

70 570
70 590
70 610
70 630
70 650
70 670
70 690
70 710
70 730
70 750
70 770

1170  570
1170  590
1170  610
1170  630
1170  650
1170  670
1170  690
1170  710
1170  730
1170  750



1230  570
1230  590
1230  610
1230  630
1230  650
1230  670
1230  690
1230  710
1230  730
1230  750




1170 80
1170 100
1170 120
1170 130
1170 150
1170 170
1170 190
1170 210
1170 230
1170 250
1170 270

1230 80
1230 100
1230 120
1230 130
1230 150
1230 170
1230 190
1230 210
1230 230
1230 250
1230 270
930 200
840 200
430 200
320 200





380 310
380 340
380 360
380 380
380 400
380 420
380 440
380 460
380 480
380 500
380 530



340 310
340 340
340 360
340 380
340 400
340 420
340 440
340 460
340 480
340 500
340 530


920 310
920 340
920 360
920 380
920 400
920 420
920 440
920 460
920 480
920 500
920 530


870 310
870 340
870 360
870 380
870 400
870 420
870 440
870 460
870 480
870 500
870 530




450 640
350 640

790 640
900 640




560 870
560 890
580 850
580 870
580 890



700 870
700 890
680 850
680 870
680 890
750 200
510 200
